  FECHA   PRECIP  EVAP   TMAX   TMIN     
17/12/1967  0     Nulo    19    Nulo
18/12/1967  0      2      21     6 
19/12/1967  0      2.7    20     9 
20/12/1967  0      7.7    23     12 
21/12/1967  0      3.4    21     11 
22/12/1967  0      3.4    21     7 
23/12/1967  0      4.7    21     7 
24/12/1967  0      2.3    22     7 
25/12/1967  0      1      23     6 
26/12/1967  0      0.9    22     6 
27/12/1967  0      0.6    25     7 
28/12/1967  0      4      23     7 
29/12/1967  0      1.7    24     7 
30/12/1967  0      1.7    25     9 
31/12/1967  0      3      25     9 
01/01/1968  0      3.2    24     8 
02/01/1968  0      2.3    20.5   7 
03/01/1968  0      2      22     11 
04/01/1968  0      3      21     10 
05/01/1968  0      1.1    20     6 
06/01/1968  0      2.2    20     11 
07/01/1968  0      1      17     11 
08/01/1968  0      1.9    20     11 
09/01/1968  0      1.5    23     5.5 
10/01/1968  0      4.5    24     8 
11/01/1968  0      2.7    26     7 
12/01/1968  0      2.6    26     8 
13/01/1968  0      3.3    23     10 
14/01/1968  0      3.5    22     8 
15/01/1968  0      4.2    22     7 
16/01/1968  0      1.8    21     7.5 
17/01/1968  0      2.8    25     8 
18/01/1968  0      4.7    24     9 
19/01/1968  0      4.9    24     6 
20/01/1968  0      4.1    24     5 
21/01/1968  0      4.8    26     5 
22/01/1968  0      4.1    25     5 
23/01/1968  0      3.3    31     5.5 
24/01/1968  0      3      29     7 
25/01/1968  0      3.2    26     7 
26/01/1968  8      2.1    24     13 
27/01/1968  0      1.1    26     15 
28/01/1968  0      1.9    25     14 
29/01/1968  0      0.9    23     13 
30/01/1968  0      0.9    26     14 
31/01/1968  0      1.9    27     13 
01/02/1968  0      3      27     7 
02/02/1968  0      2      28     8 
03/02/1968  0      8.2    25     7 
04/02/1968  0      2.2    26     8 
05/02/1968  0      1.9    30     8 
06/02/1968  0      3      29     8 
07/02/1968  0      3.5    29     11 
08/02/1968  0      4.2    28     12 
09/02/1968  7      0.1    21     14 
10/02/1968  0      1.9    26     11 
11/02/1968  0      1.9    23     12 
12/02/1968  0      3      24     12 
13/02/1968  11     0.8    27     13 
14/02/1968  0      2.6    23     15 
15/02/1968  0      3.4    24     14 
16/02/1968  0      1.7    26     12 
17/02/1968  0      4      26     11 
18/02/1968  0      4.2    27     9 
19/02/1968  0      4.4    29     10 
20/02/1968  0      5.1    29     10 
21/02/1968  0      4      31     10 
22/02/1968  0      4.2    28     10.5 
23/02/1968  0      4.2    27     11 
24/02/1968  0      2.8    29     11 
25/02/1968  0      4.9    29     13 
26/02/1968  0      3.2    28     13 
27/02/1968  0      2      27     11 
28/02/1968  0      1.9    25     11 
29/02/1968  25     4.1    28     13 
01/04/1968  0      4.1    29     14 
02/04/1968  0      7.8    30     8.5 
03/04/1968  0      5.4    34     8 
04/04/1968  0      5.8    30     9.5 
05/04/1968  0      6.8    32     9 
06/04/1968  0      6.7    33     11 
07/04/1968  0      5.4    30     9 
08/04/1968  0      6.8    31.5   11 
09/04/1968  0      7.4    31     14 
10/04/1968  0      6.8    30     11 
11/04/1968  0      3.8    31     12 
12/04/1968  0      4.1    31     10 
13/04/1968  0      6.5    34     9 
14/04/1968  0      3.4    33     12 
15/04/1968  0      7.1    33     12 
16/04/1968  0      7.3    32     16 
17/04/1968  0      5.8    31     15 
18/04/1968  4      6.1    25     10 
19/04/1968  0      7.6    31     11 
20/04/1968  0      3.2    31     11 
21/04/1968  0      1.6    26     10 
22/04/1968  0      4.1    31     7 
23/04/1968  0      10.3   32     9 
24/04/1968  0      9.7    34     8 
25/04/1968  0      9.9    33     10 
26/04/1968  0      9.4    35     10 
27/04/1968  0      10.6   33     10 
28/04/1968  0      8.6    36     11 
29/04/1968  0      10.4   37     13 
30/04/1968  0      10.7   40     12 
01/05/1968  0      7.4    37     16 
02/05/1968  0      6.2    34     17.5 
03/05/1968  0      7.4    32     15.5 
04/05/1968  0      10.9   34     10 
05/05/1968  0      10.2   33     10 
06/05/1968  0      9.3    34     11 
07/05/1968  0      9.3    34.5   11 
08/05/1968  0      8.7    35     13 
09/05/1968  0      9.4    36     13.5 
10/05/1968  0      8.5    33     15 
11/05/1968  0      5.5    34     14 
12/05/1968  0      3.9    31     13 
13/05/1968  0      9.6    34     13.5 
14/05/1968  0      9.7    35     12 
15/05/1968  0      6.8    30     10 
16/05/1968  0      3.5    34     11 
17/05/1968  0      5      37     12 
18/05/1968  0      7.4    34     12 
19/05/1968  0      11     31     12 
20/05/1968  0      7.4    33     11 
21/05/1968  0      9.8    33     13 
22/05/1968  0      9.5    36     11 
23/05/1968  0      11.4   34     16 
24/05/1968  0      8.7    35     15 
25/05/1968  0      8.1    39     13 
26/05/1968  0      9.2    38     15 
27/05/1968  0      9.2    37     14 
28/05/1968  0      10.4   37     14 
29/05/1968  0      10.1   34     17 
30/05/1968  0      10.9   36     14 
31/05/1968  0      8.6    34     15 
01/09/1968  0      7      40     21 
02/09/1968  1.5    6.8    37     22 
03/09/1968  0      8.1    37     22 
04/09/1968  0      7.9    36     23 
05/09/1968  0      5.2    37     23 
06/09/1968  0      5.4    38     22 
07/09/1968  0      6.5    36     23 
08/09/1968  0      7.5    38.5   23.5 
09/09/1968  0      7.1    38     22 
10/09/1968  0      6.2    40     23 
11/09/1968  0      6.4    41     22 
12/09/1968  0      5.6    40     23 
13/09/1968  0      5.6    41     24 
14/09/1968  1.5    5.1    39     23 
15/09/1968  0      6      41     22.5 
16/09/1968  0      7.2    40.5   22 
17/09/1968  0      7.4    40     23 
18/09/1968  0      6.8    41     23 
19/09/1968  0      7.9    41.5   23 
20/09/1968  0      6.8    41     21 
21/09/1968  0      7.8    41     23 
22/09/1968  0      7.5    41     22 
23/09/1968  0      6.2    40     21 
24/09/1968  0      6.7    39     22 
25/09/1968  0      6.3    39     23 
26/09/1968  0      5.9    39     23 
27/09/1968  0      7.1    40     23 
28/09/1968  0      7.7    40     22 
29/09/1968  0      7.5    40     22 
30/09/1968  0      8.2    40.5   23 
01/10/1968  0      6.4    39     22 
02/10/1968  0      6.7    40     21 
03/10/1968  0      6.8    38     22 
04/10/1968  0      7.6    39     21 
05/10/1968  0      7.4    40     21 
06/10/1968  0      7.5    39     21 
07/10/1968  0      7.7    39     22 
08/10/1968  0      7.2    40     22 
09/10/1968  0      7.3    37     20 
10/10/1968  0      6.9    38     20 
11/10/1968  0      6.4    39     21 
12/10/1968  0      6      39     23 
13/10/1968  0      6.9    39     21 
14/10/1968  0      6.8    38     21 
15/10/1968  0      5.3    39     23 
16/10/1968  0      6.7    39     22 
17/10/1968  0      7.2    38     21 
18/10/1968  0      6.9    38     20 
19/10/1968  0      6.4    39     20 
20/10/1968  0      7.4    39     21 
21/10/1968  0      6.6    40     22 
22/10/1968  0      6.5    40     21.5 
23/10/1968  0      7.3    39     23 
24/10/1968  0      6.3    39     24 
25/10/1968  0      7.2    38     23 
26/10/1968  0      6.3    37     22.5 
27/10/1968  0      6.1    41     21 
28/10/1968  0      7.3    37     22 
29/10/1968  0      7.4    37     20 
30/10/1968  0      6.8    37     21 
31/10/1968  0      6.3    37.5   23.5 
02/12/1968  0      2.6    26    Nulo
03/12/1968  0      6.1    15     5 
04/12/1968  0      3.7    25     4 
05/12/1968  0      2.7    20     5 
06/12/1968  0      2.7    28.5   6.5 
07/12/1968  0      4      23.5   7 
08/12/1968  0      2      29.5   7 
09/12/1968  0      2.3    28.5   7 
10/12/1968  0      3.6    29     9 
11/12/1968  0      4.2    27     9.5 
12/12/1968  0      2.7    26.5   7 
13/12/1968  0      4.1    25.5   7 
14/12/1968  0      4.5    18     7 
15/12/1968  0      3      35     8 
16/12/1968  0      2.1    24.5   7.5 
17/12/1968  0      1.3    24     5 
18/12/1968  0      4.5    20     7 
19/12/1968  0      1.3    22     2 
20/12/1968  0      4      18.5   2.5 
21/12/1968  0      5      21.5   6.5 
22/12/1968  0      3.8    21.5   0.5 
23/12/1968  0      3.4    25.5   1.5 
24/12/1968  0      4.4    26     4 
25/12/1968  0      2.3    26     4.5 
26/12/1968  0      3      22.5   11 
27/12/1968  0      3.9    22     12 
28/12/1968  0      4.3    25     5 
29/12/1968  0      3.1    25.5   7.5 
30/12/1968  2.4    1.8    24     7 
31/12/1968  0      2.1    26.5   8.5 
01/01/1969  0      3.2    26     6.9 
02/01/1969  0      4.4    26     9.5 
03/01/1969  0      4.2    26.5   8.5 
04/01/1969  0      1.8    24.5   7 
05/01/1969  0      2.8    26.5   6.5 
06/01/1969  0      2.8    27.5   6.5 
07/01/1969  0      3.2    27.5   6 
08/01/1969  0      4.4    25     8 
09/01/1969  0      4      26.5   7.5 
10/01/1969  0      1.5    24.5   5 
11/01/1969  0      3.1    22.5   5.5 
12/01/1969  0      3.5    25     8 
13/01/1969  0      1.5    26.5   7.5 
14/01/1969  0      1.2    22.5   6.5 
15/01/1969  10.5   2.1    24.5   12 
16/01/1969  0      2.5    23     10 
17/01/1969  0      0.5    21.5   9.5 
18/01/1969  0      2.5    22     10 
19/01/1969  0      2.1    23.5   9 
20/01/1969  0      2.7    25     8.5 
21/01/1969  0      1.9    26     7.5 
22/01/1969  0      3.4    25.5   7.5 
23/01/1969  0      3      25     7 
24/01/1969  0      4.2    26     6.5 
25/01/1969  0      1.5    26     6 
26/01/1969  0      2      25.5   8 
27/01/1969  0      2.8    28     12 
28/01/1969  0      2.7    23.5   12 
29/01/1969  0      2.1    18     13 
30/01/1969  0      1.8    18.5   8 
31/01/1969  0      2.3    27     9 
01/02/1969  0      3.8    20     3.5 
02/02/1969  0      3      23     1 
03/02/1969  0      1.8    23.5   4 
04/02/1969  0      1      25     4 
05/02/1969  0.4    1.9    19.5   10 
06/02/1969  0      1.6    23.5   11 
07/02/1969  0      1.6    22     6.5 
08/02/1969  0      1.1    18     6 
09/02/1969  0      3.8    24.5   7 
10/02/1969  0      4.8    25     9 
11/02/1969  0      2.5    25.5   7 
12/02/1969  13     9.7    22     5 
13/02/1969  27     2      17.5   7 
14/02/1969  2.5    2.8    22     8 
15/02/1969  0      2.3    23.5   7.5 
16/02/1969  0      4.4    24     6.5 
17/02/1969  0      2.9    26     6.5 
18/02/1969  0      4.5    25     6.5 
19/02/1969  0      3.5    20     8 
20/02/1969  2.5    3.6    22     4 
21/02/1969  0      3.9    20     6 
22/02/1969  0      4      22     4.5 
23/02/1969  0      3.6    21     6 
24/02/1969  0      2.1    22     6 
25/02/1969  0      3.4    22     8.5 
26/02/1969  0      3.9    21.5   8.5 
27/02/1969  0      3.2    22     7 
28/02/1969  0      3.3    20.5   7 
01/03/1969  0      4.9    26     12 
02/03/1969  0      6.9    25     6 
03/03/1969  0      3      23.5   3.5 
04/03/1969  0      2.9    20.5   3 
05/03/1969  0      5.1    21     2 
06/03/1969  0      4.6    23.5   2.5 
07/03/1969  0      6.7    21     5 
08/03/1969  0      2.3    23     3.5 
09/03/1969  0      3.8    23     6 
10/03/1969  0      2.7    22.5   8.5 
11/03/1969  0      5.7    22     4.5 
12/03/1969  0      6.6    24     3.5 
13/03/1969  0      3.9    25     4 
14/03/1969  0      4.8    19.5   5.5 
15/03/1969  0      6.1    20.5   2.5 
16/03/1969  0      6.9    23.5   3 
17/03/1969  0      7.2    28     4.5 
18/03/1969  0      4.7    29     4 
19/03/1969  0      5.7    30     5.5 
20/03/1969  0      5      26.5   7 
21/03/1969  0      6.7    30     8 
22/03/1969  0      4.6    22.5   11.5 
23/03/1969  0      8.2    25.5   4 
24/03/1969  0      5.8    31     6.5 
25/03/1969  0      4.6    28     5 
26/03/1969  0      6.7    30     6.5 
27/03/1969  0      6.4    31     6 
28/03/1969  0      4.8    28.5   7 
29/03/1969  0      8.5    33     6 
30/03/1969  0      5.5    30     8.5 
31/03/1969  0      3.1    32.5   10.5 
01/04/1969  0      5.7    31.5   10.5 
02/04/1969  0      5.7    30     11.5 
03/04/1969  0      5.8    30.5   15 
04/04/1969  0      5.4    32     10 
05/04/1969  0      7      32.5   9 
06/04/1969  0      8.1    33.5   8 
07/04/1969  0      8.6    31.5   10 
08/04/1969  0      6.1    30     9 
09/04/1969  0      7.1    29.5   12 
10/04/1969  0      6.6    30     9.5 
11/04/1969  0      7.8    27     9 
12/04/1969  0      8.4    31     8.5 
13/04/1969  0      5.5    33     11 
14/04/1969  0      8.6    30.5   11 
15/04/1969  0      7.6    28     11.5 
16/04/1969  0      6      28.5   9.5 
17/04/1969  0      8      30     9 
18/04/1969  0      8.9    32     9 
19/04/1969  0      8      33     10 
20/04/1969  0      8      33     7.5 
21/04/1969  0      9.6    35     9 
22/04/1969  0      10     37     10.5 
23/04/1969  0      9.9    35     9 
24/04/1969  0      9.7    35.5   8.5 
25/04/1969  0      7.7    30     9 
26/04/1969  0      8.4    30.5   9 
27/04/1969  0      9.2    32     10 
28/04/1969  0      7.9    32.5   13 
29/04/1969  0      8.2    31.5   11 
30/04/1969  0      7.8    31     11 
01/05/1969  0      5.6    29     11.5 
02/05/1969  0      9.1    29.5   15 
03/05/1969  0      8.4    29.5   11.5 
04/05/1969  0      5.8    24     16 
05/05/1969  0      6.2    25     13 
06/05/1969  0      6.6    26     9.5 
07/05/1969  0      8.7    28.5   9.5 
08/05/1969  0      9.5    32     9 
09/05/1969  0      9.2    33.5   10.5 
10/05/1969  0      9.2    34     11 
11/05/1969  0      10.2   33     12 
12/05/1969  0      8.8    31.5   12.5 
13/05/1969  0      8.7    31.5   12 
14/05/1969  0      8.9    32     13 
15/05/1969  0      6.3    31     12.5 
16/05/1969  0      9.1    33     16.5 
17/05/1969  0      9.1    34.5   14.5 
18/05/1969  0      9.6    36     14 
19/05/1969  0      8.6    34.5   15.5 
20/05/1969  0      9.5    37     14 
21/05/1969  0      10.3   36.5   16 
22/05/1969  0      8      38     15 
23/05/1969  0      10.2   38     17 
24/05/1969  0      10.4   36     16 
25/05/1969  0      4.4    36     16.5 
26/05/1969  0      11.8   37     15 
27/05/1969  0      9.8    37.5   15